3791681
12806187
20852080
54247596
54541581
58187845
60152173
71281503
84763360
89317571
91168941
99017055
103551588
105346907
109763666
124634375
125766774
132203337
154438407
188513733
193754363
209728342
215899750
238196679
275695199
302453326
303520126
306071479
312830648
314060092
334959153
344839781
347430267
359397121
387858579
399108810
400688821
434728161
438597771
439949178
459143477
482864253
485805990
491128081
498534506
503526198
527833830
528116236
534627556
545660036
546105152
556892272
591952983
598157891
609750207
616590339
650516472
660410751
661171580
661557716
668732081
669449416
698231620
711332792
728277487
730778815
737797688
739974017
767184900
770887528
772097730
780839013
789149946
792153410
796250272
816662042
818072576
857917715
864163165
872222495
876023758
904280470
920094707
920451919
935376602
947320915
959679294
971202301
983833676
989252466
